Namespace(input='sample_data/test.sdf', output='res.sdf', pharmacophore='sample_data/qmol_pcophore.pkl')
5
                    Donor     Acceptor     Acceptor     Aromatic     Aromatic 
       Donor        0.000        5.639        3.853        4.257        4.299 
    Acceptor        3.639        0.000        3.910        2.882        7.857 
    Acceptor        1.853        1.910        0.000        2.901        5.587 
    Aromatic        2.257        0.882        0.901        0.000        6.581 
    Aromatic        2.299        5.857        3.587        4.581        0.000 

(4,) Donor
(0,) Acceptor
(1,) Acceptor
(2,) Acceptor
(3,) Acceptor
(6,) Acceptor
(7,) Acceptor
(0,) Acceptor
(1,) Acceptor
(2,) Acceptor
(3,) Acceptor
(6,) Acceptor
(7,) Acceptor
(6, 13, 14, 15, 7, 17) Aromatic
(14, 15, 18, 20, 19, 16) Aromatic
(21, 22, 24, 26, 25, 23) Aromatic
(6, 13, 14, 15, 7, 17) Aromatic
(14, 15, 18, 20, 19, 16) Aromatic
(21, 22, 24, 26, 25, 23) Aromatic
-----> embeds num: 5
35.9474897589
[[ 0.83867207  0.28773933 -0.46242322  3.80442045]
 [-0.50736343  0.72145628 -0.47125702  0.25440871]
 [ 0.19801896  0.62984674  0.75105365 -0.36693246]
 [ 0.          0.          0.          1.        ]]
36.1939259992
[[ 0.89802314  0.25268043 -0.36014864  3.86931394]
 [-0.43588047  0.62206494 -0.65041788  0.3638328 ]
 [ 0.05968797  0.74107207  0.66876718 -0.38355496]
 [ 0.          0.          0.          1.        ]]
36.1843016272
[[  7.46124217e-01   4.69465230e-01  -4.72123978e-01   3.72344102e+00]
 [ -6.55961765e-01   3.96827139e-01  -6.42061044e-01   2.45694362e-03]
 [ -1.14073728e-01   7.88752572e-01   6.04033579e-01  -5.41101643e-01]
 [  0.00000000e+00   0.00000000e+00   0.00000000e+00   1.00000000e+00]]
36.0009878483
[[ 0.56490829 -0.78726416 -0.24717153  3.75077798]
 [-0.79114461 -0.60186616  0.1088455  -0.06967472]
 [-0.23445434  0.1340607  -0.96283898 -0.4289544 ]
 [ 0.          0.          0.          1.        ]]
35.7775109724
[[ 0.71012395  0.3053926   0.63439682  3.80614343]
 [-0.69136015  0.13197755  0.71035418  0.0063543 ]
 [ 0.13321078 -0.94303621  0.30485669 -0.4941844 ]
 [ 0.          0.          0.          1.        ]]
-----> embeds num: 5
28.0143941049
[[ 0.39110386  0.90213223 -0.18219556  3.30863051]
 [-0.77874643  0.21887556 -0.58791792  0.87986799]
 [-0.49050155  0.37182111  0.78813533 -0.42339448]
 [ 0.          0.          0.          1.        ]]
28.1925500591
[[ 0.83801648  0.46461257  0.28611805  3.23705935]
 [-0.53214533  0.57999235  0.61679025  1.06566803]
 [ 0.12062222 -0.66913678  0.73328456 -0.42352304]
 [ 0.          0.          0.          1.        ]]
28.8480470915
[[ 0.59597804  0.71592688  0.36367413  3.38997346]
 [-0.7598257   0.64928844 -0.03300653  0.84290136]
 [-0.25975967 -0.25665778  0.93094129 -0.27488372]
 [ 0.          0.          0.          1.        ]]
28.9523535269
[[-0.486903   -0.65575873 -0.57698003  3.50316344]
 [ 0.86768733 -0.43892879 -0.23336714  1.15806799]
 [-0.1002206  -0.61426542  0.78270928 -0.29988038]
 [ 0.          0.          0.          1.        ]]
28.9542420351
[[ 0.70490181  0.70120825 -0.10686643  3.31780775]
 [-0.70654183  0.68085529 -0.19296301  1.04066018]
 [-0.06254668  0.21152558  0.97536908 -0.42099974]
 [ 0.          0.          0.          1.        ]]
-----> embeds num: 5
32.7937677237
[[ 0.90322563  0.38730452  0.18487475  3.7933612 ]
 [ 0.32235    -0.32785587 -0.8880321   0.09136406]
 [-0.28332657  0.86168772 -0.42097544 -0.57467672]
 [ 0.          0.          0.          1.        ]]
39.65919671
[[ 0.76058283 -0.53041331  0.37440016  3.87219175]
 [-0.57509327 -0.81803413  0.00937466  0.39692857]
 [ 0.30129966 -0.22244522 -0.92721984 -0.02922331]
 [ 0.          0.          0.          1.        ]]
33.5377272155
[[-0.19716709  0.93859433 -0.28313569  3.56138112]
 [-0.61615621  0.10599892  0.78045869 -0.07788043]
 [ 0.76254618  0.32833658  0.55742123 -0.32214734]
 [ 0.          0.          0.          1.        ]]
38.3328986805
[[-0.58435859 -0.36801047 -0.72325192  3.83224174]
 [ 0.69120479 -0.69267129 -0.20601559  0.40478888]
 [-0.42515995 -0.62030217  0.65913901 -0.14356198]
 [ 0.          0.          0.          1.        ]]
39.6764637648
[[ 0.71278733  0.642938   -0.28029439  3.98263184]
 [-0.65701264  0.47218334 -0.58768808  0.43194584]
 [-0.24549666  0.60305358  0.7589847  -0.16428716]
 [ 0.          0.          0.          1.        ]]
-----> embeds num: 5
46.7178698026
[[ -9.79828289e-01   1.35288281e-01   1.47083667e-01   4.13800811e+00]
 [  1.99815672e-01   6.75012679e-01   7.10233469e-01  -2.38638947e-01]
 [ -3.19707546e-03   7.25296466e-01  -6.88429237e-01  -4.88084221e-01]
 [  0.00000000e+00   0.00000000e+00   0.00000000e+00   1.00000000e+00]]
46.4763381125
[[-0.67898041 -0.4928534  -0.54413338  4.17766197]
 [ 0.55294597 -0.83086336  0.06258456 -0.29973185]
 [-0.4829455  -0.25838267  0.83666124 -0.45706629]
 [ 0.          0.          0.          1.        ]]
46.5207753481
[[-0.95267243  0.30363827  0.01480025  4.17215122]
 [ 0.29433533  0.93347297 -0.20492663 -0.22872404]
 [-0.0760392  -0.19087171 -0.97866543 -0.36670581]
 [ 0.          0.          0.          1.        ]]
55.2102415935
[[ 0.90138974 -0.09548181  0.42235028  4.01679007]
 [-0.31531799 -0.81323212  0.48910948 -0.11501973]
 [ 0.29676775 -0.57405291 -0.76314622 -0.09703994]
 [ 0.          0.          0.          1.        ]]
46.7214700841
[[ 0.96224754  0.26843751  0.04495536  4.1392864 ]
 [-0.27013626  0.96210205  0.03722967 -0.24046805]
 [-0.0332578  -0.04796823  0.99829503 -0.47913473]
 [ 0.          0.          0.          1.        ]]
-----> embeds num: 5
27.3817005324
[[-0.72198638 -0.00520658  0.69188767  3.69906737]
 [ 0.66138801  0.28851963  0.69233108  0.89850709]
 [-0.20322785  0.95745982 -0.20486368 -0.09278901]
 [ 0.          0.          0.          1.        ]]
27.5678361992
[[ 0.95188686  0.30613345  0.01391818  3.69798698]
 [-0.30382069  0.94868328 -0.08770988  0.90601905]
 [-0.04005488  0.07926125  0.99604882 -0.21722692]
 [ 0.          0.          0.          1.        ]]
27.4122291958
[[ 0.77207165  0.51044814 -0.37861333  3.66981282]
 [-0.596157    0.78812969 -0.15312875  0.8930927 ]
 [ 0.22023212  0.34393935  0.91279983 -0.08796999]
 [ 0.          0.          0.          1.        ]]
24.5587659568
[[ 0.75641349  0.01619522 -0.65389323  3.74656003]
 [-0.32390201 -0.85924294 -0.39596598  0.81923509]
 [-0.56826589  0.51131134 -0.64469728 -0.26289621]
 [ 0.          0.          0.          1.        ]]
27.5762701177
[[ 0.85779671  0.24290822 -0.45296842  3.6616768 ]
 [-0.44591686  0.78998813 -0.42080507  0.96364036]
 [ 0.25562266  0.56295146  0.7859661  -0.07551277]
 [ 0.          0.          0.          1.        ]]
-----> embeds num: 5
44.703253117
[[ 0.79145589 -0.60600454 -0.07972495  4.19998056]
 [-0.326157   -0.30840917 -0.89359129 -0.07663513]
 [ 0.51693248  0.73324094 -0.44174488 -0.18822337]
 [ 0.          0.          0.          1.        ]]
44.4492108907
[[ 0.74507006 -0.17228935 -0.64435004  4.21049068]
 [-0.66255802 -0.08004598 -0.7447211  -0.27311425]
 [ 0.07672989  0.98178868 -0.17379155 -0.16777034]
 [ 0.          0.          0.          1.        ]]
44.6669871012
[[ 0.88400483 -0.17800598 -0.43226071  4.25671031]
 [-0.38098822  0.26149135 -0.88683158 -0.09760698]
 [ 0.27089376  0.94864964  0.16334143 -0.08048828]
 [ 0.          0.          0.          1.        ]]
44.2337236393
[[ 0.8542279  -0.2880456   0.43280992  4.18363217]
 [-0.37374556 -0.91892095  0.12608941 -0.20444117]
 [ 0.3613986  -0.26946987 -0.89262368 -0.04328668]
 [ 0.          0.          0.          1.        ]]
46.4709106542
[[-0.95849808  0.27754923 -0.06517562  4.02446581]
 [ 0.28483857  0.92249448 -0.26052049 -0.15993645]
 [-0.01218311 -0.26827292 -0.96326591 -0.51282948]
 [ 0.          0.          0.          1.        ]]
-----> embeds num: 5
34.6420592508
[[ 0.66851678  0.44007665 -0.59951468  3.8095675 ]
 [-0.64796748  0.74030665 -0.17912066  0.93760726]
 [ 0.36499788  0.50821118  0.78006278  0.0493121 ]
 [ 0.          0.          0.          1.        ]]
34.6129018237
[[-0.94121351 -0.07183374  0.33008642  3.80124396]
 [ 0.33771352 -0.17646001  0.92456013  0.87725663]
 [-0.00816756  0.98168314  0.19034577 -0.10627844]
 [ 0.          0.          0.          1.        ]]
34.8614938038
[[-0.95801337  0.22315876 -0.18002929  3.7716988 ]
 [ 0.27733721  0.88055957 -0.38431617  0.84315329]
 [ 0.072763   -0.41810885 -0.90547807 -0.13566719]
 [ 0.          0.          0.          1.        ]]
34.5739600243
[[ 0.85992019 -0.2099954   0.46523026  3.7834941 ]
 [-0.36670385 -0.88817403  0.27690285  0.92311526]
 [ 0.35505711 -0.40871608 -0.8407649   0.10420661]
 [ 0.          0.          0.          1.        ]]
34.9214960906
[[ 0.95978162 -0.0503844  -0.27618952  3.54716036]
 [-0.1646819   0.69570237 -0.69919818  0.75742756]
 [ 0.22737438  0.71656097  0.65942495 -0.29568916]
 [ 0.          0.          0.          1.        ]]
(4,) Donor
(5,) Donor
(0,) Acceptor
(1,) Acceptor
(2,) Acceptor
(3,) Acceptor
(6,) Acceptor
(7,) Acceptor
(0,) Acceptor
(1,) Acceptor
(2,) Acceptor
(3,) Acceptor
(6,) Acceptor
(7,) Acceptor
(6, 15, 16, 17, 7, 19) Aromatic
(16, 17, 20, 22, 21, 18) Aromatic
(23, 24, 26, 28, 27, 25) Aromatic
(6, 15, 16, 17, 7, 19) Aromatic
(16, 17, 20, 22, 21, 18) Aromatic
(23, 24, 26, 28, 27, 25) Aromatic
-----> embeds num: 5
27.3708170064
[[ 0.91005681 -0.27276743  0.31208097  3.70733235]
 [-0.39190079 -0.3211299   0.86214231  0.20353787]
 [-0.13494581 -0.90690326 -0.39914422 -0.46916198]
 [ 0.          0.          0.          1.        ]]
27.5175758517
[[ 0.93800309 -0.23663296  0.25328845  3.79912877]
 [-0.33505281 -0.43171715  0.83747234  0.26028908]
 [-0.08882459 -0.87041665 -0.48423657 -0.55420181]
 [ 0.          0.          0.          1.        ]]
28.4509697808
[[ 0.97017913 -0.1247362   0.20783006  3.55524789]
 [-0.23571055 -0.68539454  0.68896652  0.22267109]
 [ 0.05650652 -0.71740868 -0.69435712 -0.48197786]
 [ 0.          0.          0.          1.        ]]
26.687231379
[[ 0.77035273 -0.37127325  0.5183752   3.72127323]
 [-0.56155341 -0.00996758  0.82738045 -0.02429461]
 [-0.30201728 -0.92847015 -0.21616831 -0.57187344]
 [ 0.          0.          0.          1.        ]]
26.6841889731
[[ 0.76052053 -0.44326435  0.47447364  3.68599524]
 [-0.61894472 -0.27403556  0.73607876  0.02727979]
 [-0.19625483 -0.85347597 -0.4827658  -0.50832979]
 [ 0.          0.          0.          1.        ]]
-----> embeds num: 5
23.6074969998
[[ 0.84215904  0.04081528  0.5376823   3.52598725]
 [-0.42642646 -0.55989948  0.71040344 -0.24678168]
 [ 0.33004335 -0.82755464 -0.4541197  -0.61285984]
 [ 0.          0.          0.          1.        ]]
24.2822351868
[[ 0.74692548 -0.23561821  0.62176072  3.4944219 ]
 [-0.62672238 -0.56181479  0.53998445 -0.27732198]
 [ 0.2220842  -0.7929995  -0.56730098 -0.73181482]
 [ 0.          0.          0.          1.        ]]
20.3863359958
[[ 0.71345962 -0.10886141  0.69218825  3.49646873]
 [-0.70059869 -0.12732152  0.70210449 -0.2923712 ]
 [ 0.01169837 -0.98586938 -0.16710692 -0.48606107]
 [ 0.          0.          0.          1.        ]]
20.4092228257
[[ 0.76309088 -0.35160832  0.54227659  3.61668761]
 [-0.64446649 -0.35097371  0.67932348  0.03675076]
 [-0.04853096 -0.86786465 -0.49442462 -0.57281463]
 [ 0.          0.          0.          1.        ]]
21.153790962
[[ 0.73936084 -0.35302854  0.57333795  3.53578306]
 [-0.66432624 -0.24385598  0.70654434 -0.19088439]
 [-0.10961843 -0.90327466 -0.41482369 -0.51441944]
 [ 0.          0.          0.          1.        ]]
-----> embeds num: 5
14.4773167236
[[ 0.68479018 -0.41464477  0.59927633  2.94582585]
 [-0.7014262  -0.5980661   0.38770894  0.29435692]
 [ 0.19764537 -0.6858474  -0.7003925  -0.64049656]
 [ 0.          0.          0.          1.        ]]
23.767577649
[[ 0.72041295  0.28735327  0.63121572  3.15736111]
 [-0.37927235 -0.5987521   0.705442    0.46898338]
 [ 0.5806528  -0.74761222 -0.32236362 -0.39862312]
 [ 0.          0.          0.          1.        ]]
14.1956874756
[[ 0.70121375 -0.34594321 -0.623396    3.0402569 ]
 [-0.54099286  0.31131901 -0.78128561  0.39331606]
 [ 0.46435548  0.88510099  0.03114837 -0.60878103]
 [ 0.          0.          0.          1.        ]]
18.1836197867
[[-0.54615389 -0.81720052  0.18411744  2.86901138]
 [ 0.80045225 -0.57391652 -0.17290467  0.50956218]
 [ 0.24696583  0.05294466  0.96757674 -0.62254838]
 [ 0.          0.          0.          1.        ]]
18.3357702921
[[ 0.60974273  0.72396861 -0.32261937  2.83237407]
 [-0.79141096  0.53382855 -0.29781833  0.56114437]
 [-0.04338769  0.43691707  0.89845477 -0.63272771]
 [ 0.          0.          0.          1.        ]]
-----> embeds num: 5
37.5901137897
[[ 0.91754892 -0.3831298  -0.10637454  3.89559294]
 [-0.39722251 -0.89521749 -0.20198991 -0.69798711]
 [-0.01784     0.22758998 -0.97359362 -0.70267303]
 [ 0.          0.          0.          1.        ]]
38.5125400086
[[ 0.9265993  -0.24043574 -0.28914424  3.77246132]
 [-0.26587603 -0.96262696 -0.05156811 -0.94150163]
 [-0.26593923  0.1246595  -0.95589557 -0.96058468]
 [ 0.          0.          0.          1.        ]]
24.0461240651
[[ 0.61076117 -0.2044312   0.76496973  3.87391022]
 [-0.74321265  0.1852522   0.64289702 -0.5925786 ]
 [-0.27314053 -0.96119171 -0.03879101 -0.48549801]
 [ 0.          0.          0.          1.        ]]
34.2847826172
[[ 0.98801441 -0.04324476  0.14818035  3.84409861]
 [-0.14535154  0.06253156  0.98740201 -0.4207015 ]
 [-0.05196591 -0.99710566  0.05549639 -0.72217309]
 [ 0.          0.          0.          1.        ]]
35.6388345929
[[ 0.85956571 -0.12594566  0.49526203  3.90786418]
 [-0.48304778 -0.51652182  0.70701489 -0.70085883]
 [ 0.16676819 -0.84696098 -0.50482222 -0.68992168]
 [ 0.          0.          0.          1.        ]]
-----> embeds num: 5
19.8229777805
[[-0.77069222 -0.26651165 -0.5787962   3.51988863]
 [ 0.57274068 -0.68785138 -0.44590199  0.56405991]
 [-0.27928769 -0.67515332  0.68276378 -0.92312668]
 [ 0.          0.          0.          1.        ]]
18.7068258596
[[ 0.85147702 -0.52260037 -0.04330978  3.04963542]
 [-0.41676395 -0.62427856 -0.6607451   0.56054148]
 [ 0.31826827  0.58065922 -0.74935984 -0.33121531]
 [ 0.          0.          0.          1.        ]]
23.3679825956
[[-0.90179191  0.0155853  -0.43188939  3.62398469]
 [ 0.43124163 -0.03303514 -0.90163149  0.73591397]
 [-0.02831972 -0.99933267  0.02306979 -0.79311996]
 [ 0.          0.          0.          1.        ]]
24.0738140994
[[ 0.95147371 -0.12775979  0.27995575  3.51122233]
 [-0.30023352 -0.58497959  0.75343129  0.70155078]
 [ 0.06751018 -0.80092217 -0.59495047 -0.76848363]
 [ 0.          0.          0.          1.        ]]
20.768990848
[[ 0.88010739 -0.19934462  0.43089755  3.43602147]
 [-0.31353209 -0.92556449  0.21219803  0.76628124]
 [ 0.35652294 -0.32185726 -0.87709708 -0.63071459]
 [ 0.          0.          0.          1.        ]]
-----> embeds num: 5
19.8513521245
[[-0.92784423 -0.30397716 -0.21610869  3.7586274 ]
 [ 0.3247523  -0.94340058 -0.06731483 -0.5304067 ]
 [-0.18341489 -0.13263947  0.97404607 -0.53656808]
 [ 0.          0.          0.          1.        ]]
21.5036252558
[[ 0.92193671 -0.00974867  0.38721786  3.79341522]
 [-0.24332874 -0.79237904  0.55939841 -0.37785319]
 [ 0.30136993 -0.60995116 -0.73289545 -0.65537056]
 [ 0.          0.          0.          1.        ]]
31.5578669762
[[-0.99565209 -0.05330889 -0.07638765  3.75873898]
 [ 0.06148457  0.23992797 -0.96884169 -0.56045698]
 [ 0.06997541 -0.96932592 -0.23560711 -0.84461442]
 [ 0.          0.          0.          1.        ]]
23.2586686995
[[ 0.9010624  -0.13072622  0.41351809  4.17606636]
 [-0.42368717 -0.46893897  0.77497447 -0.08326788]
 [ 0.09260526 -0.87350266 -0.47793029 -0.58441732]
 [ 0.          0.          0.          1.        ]]
27.6998286175
[[ 0.93647801  0.25580152  0.23994693  4.14572043]
 [-0.24180072 -0.02466919  0.97001229 -0.11386433]
 [ 0.25404991 -0.96641452  0.03875084 -0.30529015]
 [ 0.          0.          0.          1.        ]]
-----> embeds num: 5
22.9660991552
[[-0.8808457  -0.46804057 -0.07105546  3.32214328]
 [ 0.46234394 -0.88277604  0.0833339   0.19028468]
 [-0.10172971  0.04055225  0.9939852  -0.24596012]
 [ 0.          0.          0.          1.        ]]
18.9512513996
[[ 0.8179268  -0.49882161  0.28665789  3.67131264]
 [-0.56273003 -0.5899701   0.57902521  0.90284283]
 [-0.11971071 -0.63491124 -0.76325426 -0.61536902]
 [ 0.          0.          0.          1.        ]]
29.3817082857
[[ 0.90737551 -0.02284518  0.41969964  3.4105    ]
 [-0.40944293  0.17765722  0.89487116  0.38594304]
 [-0.09500616 -0.98382723  0.15184801 -0.77190816]
 [ 0.          0.          0.          1.        ]]
29.4960378904
[[ 0.96603593 -0.02160491  0.25750303  3.38933908]
 [-0.25626239 -0.20823889  0.94391004  0.43095073]
 [ 0.03322905 -0.97783935 -0.20670277 -0.73635277]
 [ 0.          0.          0.          1.        ]]
23.8650148347
[[ 0.82309104 -0.27509835 -0.496832    3.25831984]
 [-0.46635364  0.17184054 -0.86774715  0.46315481]
 [ 0.32409169  0.94593431  0.01314729 -0.16969677]
 [ 0.          0.          0.          1.        ]]
-----> embeds num: 5
23.3710726459
[[-0.78853111 -0.22691528  0.57160139  2.98623481]
 [-0.11248928  0.9669778   0.22869212 -0.30598042]
 [-0.60461959  0.11603182 -0.78801761 -0.32195011]
 [ 0.          0.          0.          1.        ]]
23.2161981188
[[-0.64602783 -0.64173938  0.41330208  3.44369648]
 [-0.25959055  0.69389501  0.67165651 -0.2537684 ]
 [-0.71781668  0.32661948 -0.61486496 -1.3357136 ]
 [ 0.          0.          0.          1.        ]]
23.2357988776
[[-0.74772858 -0.66104733  0.06259708  3.50373653]
 [-0.35528519  0.47794329  0.80333221 -0.3133199 ]
 [-0.56095847  0.57843464 -0.59223218 -1.28271324]
 [ 0.          0.          0.          1.        ]]
22.8975333925
[[-0.47124636 -0.76306519  0.44233289  3.61177632]
 [-0.03923864  0.51915156  0.853781   -0.30155047]
 [-0.88112837  0.38498464 -0.27458992 -1.1871463 ]
 [ 0.          0.          0.          1.        ]]
23.1338774144
[[ 0.34975008  0.80451296 -0.48003518  3.90696148]
 [-0.10280824 -0.4763421  -0.87322888  0.26947725]
 [-0.93118492  0.35476344 -0.08389012 -0.98964195]
 [ 0.          0.          0.          1.        ]]
-----> embeds num: 5
18.5751990155
[[-0.94347285  0.27994611 -0.17745185  3.20445901]
 [-0.07985967 -0.71160596 -0.69802535 -0.02819636]
 [-0.32168528 -0.64439672  0.6937373  -1.14687015]
 [ 0.          0.          0.          1.        ]]
18.5597744049
[[ -9.59952388e-01  -2.79602436e-01  -1.77169587e-02   2.86294122e+00]
 [ -2.79545918e-01   9.60115756e-01  -5.64049883e-03  -7.89744604e-01]
 [  1.85874284e-02  -4.61906846e-04  -9.99827132e-01  -4.93126862e-01]
 [  0.00000000e+00   0.00000000e+00   0.00000000e+00   1.00000000e+00]]
18.4912232149
[[-0.98951838 -0.12779406 -0.06724623  3.12971113]
 [-0.11217343  0.97348111 -0.19937818 -0.54475723]
 [ 0.09094228 -0.18974513 -0.97761254 -0.22669157]
 [ 0.          0.          0.          1.        ]]
18.4090529198
[[-0.89305205  0.37895091  0.24259893  3.65646634]
 [-0.15372402 -0.76368325  0.62702219 -1.02596806]
 [ 0.42287937  0.52267017  0.74026275 -0.36656018]
 [ 0.          0.          0.          1.        ]]
18.2745216393
[[ 0.90161677 -0.33962439 -0.26784785  2.55720627]
 [-0.12297989 -0.79497756  0.59404261 -0.12510677]
 [-0.41468439 -0.50265888 -0.75853207 -0.03405025]
 [ 0.          0.          0.          1.        ]]
-----> embeds num: 5
32.7657835547
[[-0.56095628 -0.79290764  0.23796118  3.98405146]
 [-0.69277482  0.60698104  0.38940604 -1.18993763]
 [-0.45320095  0.05358625 -0.88979628 -0.94905074]
 [ 0.          0.          0.          1.        ]]
27.652199081
[[-0.59122883 -0.67784092  0.43701277  3.58771937]
 [-0.38714378  0.71387915  0.58352057 -1.14928154]
 [-0.70750842  0.17580741 -0.68448783 -1.13437169]
 [ 0.          0.          0.          1.        ]]
27.8564702078
[[-0.89456971 -0.4363471   0.09667591  3.46662956]
 [-0.38327224  0.86025674  0.33624506 -1.08406225]
 [-0.22988566  0.26374145 -0.93679935 -1.29652821]
 [ 0.          0.          0.          1.        ]]
27.612787834
[[-0.79603954 -0.46880888 -0.3828045   3.57390289]
 [-0.22811754  0.81823106 -0.52769339 -1.20800527]
 [ 0.56060988 -0.33274039 -0.75828781 -0.46661626]
 [ 0.          0.          0.          1.        ]]
27.8525595642
[[-0.62527224 -0.71715203  0.30777849  3.55824058]
 [-0.72184338  0.68136583  0.1211724  -0.7694534 ]
 [-0.29660878 -0.14640213 -0.94371058 -1.37102758]
 [ 0.          0.          0.          1.        ]]
-----> embeds num: 5
13.2332274569
[[-0.57517417  0.162941   -0.80163888  4.15183636]
 [ 0.80896256  0.25880874 -0.52782347  0.48291211]
 [ 0.12146707 -0.95208627 -0.28067328 -0.73914951]
 [ 0.          0.          0.          1.        ]]
13.2296137734
[[ 0.0203915  -0.73983527  0.67247896  3.57576138]
 [-0.4816986   0.58213359  0.65504729 -0.10418017]
 [-0.87609968 -0.33728957 -0.34450704 -0.76617558]
 [ 0.          0.          0.          1.        ]]
13.4188747636
[[-0.0479232   0.98192773  0.18308822  3.15318482]
 [-0.7069405   0.09615    -0.70070701  0.01491778]
 [-0.70564758 -0.1630126   0.68955666 -0.46760245]
 [ 0.          0.          0.          1.        ]]
13.4349620342
[[-0.94747904 -0.21319598 -0.23839243  2.94833803]
 [-0.23797169  0.96795906  0.08015443  0.18913361]
 [ 0.21366551  0.1326753  -0.96785552 -0.09047929]
 [ 0.          0.          0.          1.        ]]
13.4110340477
[[-0.63316507 -0.76424495 -0.12260365  3.11748442]
 [-0.73585869  0.54523032  0.40154188  0.10163527]
 [-0.24002912  0.34446126 -0.90759708 -0.16743319]
 [ 0.          0.          0.          1.        ]]
-----> embeds num: 5
23.4335878247
[[-0.88383674 -0.43687821  0.16724249  3.67706761]
 [-0.39882511  0.89056934  0.21868876 -1.35349838]
 [-0.24448139  0.12658465 -0.96135591 -1.08589183]
 [ 0.          0.          0.          1.        ]]
26.1383508831
[[-0.69809669  0.6069373  -0.37985278  3.57761147]
 [-0.61265132 -0.78090892 -0.12181796 -1.12440594]
 [-0.37056629  0.14767659  0.91699087 -0.27045311]
 [ 0.          0.          0.          1.        ]]
23.4487980291
[[-0.18571852 -0.94005568 -0.28601389  3.4187651 ]
 [-0.61295672  0.33833602 -0.71401176 -1.08332185]
 [ 0.76797962  0.04270893 -0.63904871 -0.21982636]
 [ 0.          0.          0.          1.        ]]
23.4233348274
[[-0.58629071 -0.40899964 -0.69927283  3.69908076]
 [ 0.72804044  0.11253924 -0.67623371 -0.81361006]
 [ 0.35527498 -0.90556845  0.23178756 -1.43639726]
 [ 0.          0.          0.          1.        ]]
23.4496574228
[[-0.76282115 -0.5636113   0.31693249  3.58014795]
 [-0.35263896  0.77345587  0.52669895 -1.09361792]
 [-0.54198678  0.29001435 -0.78875979 -1.41154142]
 [ 0.          0.          0.          1.        ]]
-----> embeds num: 5
18.1451185338
[[ 0.08952106 -0.82747275  0.55432376  3.59247411]
 [-0.81444352  0.25954036  0.51896102 -0.19952046]
 [-0.5732955  -0.49792334 -0.65069549 -0.65769473]
 [ 0.          0.          0.          1.        ]]
18.1201089298
[[-0.11370251  0.98948339 -0.08941114  3.61385927]
 [-0.89753241 -0.14089237 -0.4178336  -0.29035143]
 [-0.42603676  0.03274066  0.90411323 -0.94193161]
 [ 0.          0.          0.          1.        ]]
18.3980753088
[[ 0.31765085  0.94604455 -0.06401286  2.69670883]
 [ 0.70524546 -0.28084504 -0.6509646   0.56509805]
 [-0.6338192   0.16163468 -0.75640429 -1.16121758]
 [ 0.          0.          0.          1.        ]]
18.3979768216
[[-0.02689565  0.87181558 -0.4890953   2.81460734]
 [ 0.37321592 -0.44513558 -0.81398046  0.55303182]
 [-0.92735457 -0.20443069 -0.31340324 -1.15820039]
 [ 0.          0.          0.          1.        ]]
18.2501705342
[[ 0.43217671  0.80052608 -0.41518825  4.04711692]
 [-0.42546395 -0.22493711 -0.876575   -0.08425517]
 [-0.79511239  0.55548293  0.2433824  -0.88774033]
 [ 0.          0.          0.          1.        ]]
(4,) Donor
(5,) Donor
(0,) Acceptor
(1,) Acceptor
(2,) Acceptor
(3,) Acceptor
(6,) Acceptor
(7,) Acceptor
(0,) Acceptor
(1,) Acceptor
(2,) Acceptor
(3,) Acceptor
(6,) Acceptor
(7,) Acceptor
(6, 15, 16, 17, 7, 19) Aromatic
(16, 17, 20, 22, 21, 18) Aromatic
(23, 24, 26, 28, 27, 25) Aromatic
(6, 15, 16, 17, 7, 19) Aromatic
(16, 17, 20, 22, 21, 18) Aromatic
(23, 24, 26, 28, 27, 25) Aromatic
-----> embeds num: 5
21.2295135618
[[ 0.87542671 -0.36073394  0.32171275  3.28759876]
 [-0.47362866 -0.77303022  0.42201915 -0.07059768]
 [ 0.09645705 -0.52181922 -0.84758524 -0.59728387]
 [ 0.          0.          0.          1.        ]]
20.6148152415
[[ 0.87131334 -0.14289682  0.46946092  3.67724392]
 [-0.48675418 -0.37315338  0.78982714  0.03473811]
 [ 0.06231714 -0.916699   -0.39468915 -0.56588984]
 [ 0.          0.          0.          1.        ]]
24.5495425747
[[-0.67841117  0.19784256 -0.70754266  3.47569564]
 [ 0.65796962 -0.26484481 -0.7049349  -0.45885848]
 [-0.32685513 -0.94377728  0.04949928 -0.67147744]
 [ 0.          0.          0.          1.        ]]
20.294683786
[[ 0.70060509 -0.49156053  0.51722409  3.64570062]
 [-0.68038705 -0.24180186  0.69181307  0.08995445]
 [-0.21500225 -0.83660033 -0.50385903 -0.59366243]
 [ 0.          0.          0.          1.        ]]
20.7361015751
[[ 0.70409675 -0.35181278  0.61682698  3.45111912]
 [-0.70467581 -0.23897025  0.66807577 -0.14904171]
 [-0.0876343  -0.90505303 -0.41617214 -0.47133202]
 [ 0.          0.          0.          1.        ]]
-----> embeds num: 5
17.4573191957
[[ 0.72409304 -0.36196108  0.58708896  3.02781994]
 [-0.67517539 -0.19821993  0.71052589  0.60200514]
 [-0.14080999 -0.91087487 -0.38791689 -0.62241401]
 [ 0.          0.          0.          1.        ]]
14.183702049
[[ 0.83753507 -0.17733624  0.51680447  3.23803482]
 [-0.51047501 -0.59120793  0.62441048  0.63485228]
 [ 0.19480829 -0.78678144 -0.5856831  -0.61152112]
 [ 0.          0.          0.          1.        ]]
17.2402183534
[[ 0.64986317  0.0608421  -0.75761211  2.88951017]
 [-0.7521142  -0.09219948 -0.65255152  0.65091622]
 [-0.10955405  0.99388002 -0.01415683 -0.50053473]
 [ 0.          0.          0.          1.        ]]
14.7460414062
[[-0.80428181 -0.30789831  0.50826115  3.09272497]
 [ 0.4637195  -0.86004888  0.21279133  0.43693395]
 [ 0.37161134  0.4068348   0.83450012 -0.613444  ]
 [ 0.          0.          0.          1.        ]]
19.4837496184
[[-0.62014629  0.74322013  0.25108246  2.99379717]
 [ 0.57767495  0.21609343  0.78714374  0.68543829]
 [ 0.53076381  0.63318833 -0.5633492  -0.63068998]
 [ 0.          0.          0.          1.        ]]
-----> embeds num: 5
27.6197488436
[[ 0.74058745 -0.5879068   0.32541639  3.75771313]
 [-0.62546726 -0.42611298  0.65361949  0.21238303]
 [-0.24560319 -0.68759969 -0.68329038 -0.57873593]
 [ 0.          0.          0.          1.        ]]
26.7603090175
[[ 0.86734153 -0.29427328  0.40139993  3.82741501]
 [-0.48797353 -0.34401166  0.80220808  0.29780013]
 [-0.09798214 -0.89166093 -0.44197317 -0.51471198]
 [ 0.          0.          0.          1.        ]]
27.4448502912
[[ 0.73870019 -0.44078265  0.509934    3.66605757]
 [-0.67098049 -0.40895011  0.61850221 -0.10181422]
 [-0.06408748 -0.79904347 -0.59784808 -0.5270828 ]
 [ 0.          0.          0.          1.        ]]
24.9174825194
[[-0.64278898 -0.66460643 -0.38094701  3.58882257]
 [ 0.76601827 -0.56167496 -0.31262959 -0.18949625]
 [-0.00619276 -0.49276722  0.87013914 -0.54133431]
 [ 0.          0.          0.          1.        ]]
24.2989396412
[[-0.62239447 -0.69925204 -0.35166989  3.61315331]
 [ 0.77767186 -0.60332533 -0.17670607 -0.02626979]
 [-0.08860927 -0.38346466  0.91929498 -0.41170342]
 [ 0.          0.          0.          1.        ]]
-----> embeds num: 5
37.8278880422
[[ 0.77563207 -0.13631777 -0.61628919  3.75890412]
 [-0.36312658 -0.89500504 -0.25904646 -0.63759065]
 [-0.51626929  0.42471573 -0.74369521 -0.8780484 ]
 [ 0.          0.          0.          1.        ]]
42.1089469493
[[ 0.89473507  0.00772787  0.44653044  3.98575081]
 [-0.37250783 -0.53861334  0.75573381 -0.44416502]
 [ 0.24634747 -0.84251762 -0.47903755 -0.73074049]
 [ 0.          0.          0.          1.        ]]
38.9056734927
[[ 0.94791641  0.28916175  0.13356632  3.945733  ]
 [-0.11649088 -0.07555941  0.99031341 -0.27171664]
 [ 0.29645295 -0.95429359 -0.0379393  -0.46331339]
 [ 0.          0.          0.          1.        ]]
34.2598915243
[[ 0.98764018 -0.02730863  0.15434088  3.90592972]
 [-0.14893027  0.14341452  0.97839259 -0.42450281]
 [-0.04885328 -0.98928586  0.13757486 -0.75317743]
 [ 0.          0.          0.          1.        ]]
33.0170387842
[[ 0.80054849  0.52113743 -0.29586803  3.94616837]
 [-0.23017118  0.72323834  0.65111253 -0.46642214]
 [ 0.55330222 -0.45314686  0.69893818 -0.43876783]
 [ 0.          0.          0.          1.        ]]
-----> embeds num: 5
19.9976200467
[[-0.73031401 -0.17723264 -0.65971967  3.53456647]
 [ 0.61362992 -0.59457009 -0.51956205  0.41950571]
 [-0.30016623 -0.78426717  0.54297812 -0.8855698 ]
 [ 0.          0.          0.          1.        ]]
21.9016213754
[[ 0.96743786 -0.17448724  0.18335265  3.30665583]
 [-0.23939129 -0.86602488  0.43896778  0.47554764]
 [ 0.08219368 -0.46856708 -0.87959598 -0.09432781]
 [ 0.          0.          0.          1.        ]]
22.1584211775
[[-0.85410574  0.51280769 -0.08678517  3.44788452]
 [ 0.48478098  0.72450376 -0.48998133  0.32054303]
 [-0.18839001 -0.46056766 -0.86740223 -0.16822908]
 [ 0.          0.          0.          1.        ]]
22.4377129506
[[ 0.9317557  -0.13122181  0.33854416  3.46680487]
 [-0.36103263 -0.23582061  0.90224391  0.66324501]
 [-0.03855839 -0.9628964  -0.26710255 -0.69742911]
 [ 0.          0.          0.          1.        ]]
19.744693762
[[ 0.85335264 -0.17342184  0.49164432  3.58253368]
 [-0.42446125 -0.77866351  0.46207768  0.65910291]
 [ 0.30269113 -0.60299917 -0.73808541 -0.93885896]
 [ 0.          0.          0.          1.        ]]
-----> embeds num: 5
37.2673839162
[[-0.9252655  -0.06342587 -0.37397984  3.66510785]
 [ 0.22794281 -0.88102348 -0.41453554 -0.62353812]
 [-0.30319274 -0.46880144  0.8296381  -0.66342944]
 [ 0.          0.          0.          1.        ]]
31.1068010523
[[ 0.87300628  0.19277799  0.44799182  3.71710346]
 [-0.2202582  -0.66371076  0.7148247  -0.59577133]
 [ 0.43513946 -0.72272033 -0.53696273 -0.72547951]
 [ 0.          0.          0.          1.        ]]
31.790521541
[[-0.99689195 -0.02345598 -0.07520804  3.75847165]
 [ 0.07016073  0.16986433 -0.98296672 -0.56031918]
 [ 0.03583162 -0.98518827 -0.16769069 -0.84805101]
 [ 0.          0.          0.          1.        ]]
23.2190788407
[[ 0.76854191 -0.29597777  0.56722172  4.23447204]
 [-0.62782397 -0.1781519   0.75769318 -0.03880054]
 [-0.12320871 -0.93843437 -0.32273914 -0.52266906]
 [ 0.          0.          0.          1.        ]]
31.2128726025
[[ 0.79280567  0.03256191  0.60860405  3.86389841]
 [-0.51607866 -0.49534936  0.69877881 -0.66631719]
 [ 0.3242252  -0.86808337 -0.37591127 -0.69672524]
 [ 0.          0.          0.          1.        ]]
-----> embeds num: 5
17.1283159142
[[-0.81019007 -0.53798686  0.23272771  3.3020128 ]
 [ 0.55775953 -0.58545684  0.58834054  0.3983988 ]
 [-0.18026745  0.60647376  0.77439862 -0.35247451]
 [ 0.          0.          0.          1.        ]]
26.1075208986
[[ 0.67247587  0.3975513   0.62428292  3.32255547]
 [-0.11562365 -0.7767029   0.61916377  0.40222782]
 [ 0.73103172 -0.48855457 -0.47634763 -0.66121191]
 [ 0.          0.          0.          1.        ]]
18.1308967571
[[ 0.57113168 -0.70283238  0.42406987  3.43440831]
 [-0.8140074  -0.41832376  0.40298534  0.33054357]
 [-0.10583264 -0.57535371 -0.81102871 -0.10607526]
 [ 0.          0.          0.          1.        ]]
29.6385931505
[[ 0.97046609  0.06539987  0.2322034   3.34778548]
 [-0.23200404 -0.01073231  0.97265561  0.38320602]
 [ 0.06610363 -0.99780142  0.00475769 -0.64807032]
 [ 0.          0.          0.          1.        ]]
25.0057629461
[[ 0.74299305  0.4995862  -0.44539303  3.29324374]
 [-0.65612343  0.67506746 -0.33732175  0.35639062]
 [ 0.13214905  0.54286052  0.82936065 -0.41232428]
 [ 0.          0.          0.          1.        ]]
-----> embeds num: 5
18.4024689785
[[-0.04162807  0.94178652 -0.33362442  2.74179842]
 [ 0.20182644 -0.31910401 -0.92597987 -0.47438095]
 [-0.97853625 -0.10588099 -0.17679373 -0.70581715]
 [ 0.          0.          0.          1.        ]]
18.1632887534
[[-0.89453455 -0.43077871  0.11932161  2.91918537]
 [-0.44675686  0.87038997 -0.20695316 -0.50381613]
 [-0.01470532 -0.2384345  -0.97104724 -0.40179948]
 [ 0.          0.          0.          1.        ]]
18.5600426499
[[-0.94897697 -0.09481377  0.30075414  2.81961548]
 [ 0.06262715  0.8780667   0.47442251 -0.59748417]
 [-0.30906399  0.46905141 -0.82732716 -1.15932569]
 [ 0.          0.          0.          1.        ]]
18.4610284421
[[-0.70891538  0.62227186 -0.33198904  3.14398184]
 [-0.27094995 -0.67487341 -0.68639056 -0.30388336]
 [-0.65117211 -0.39664041  0.64703267 -1.14011312]
 [ 0.          0.          0.          1.        ]]
18.4690809916
[[ 0.3104398   0.24860787  0.91750818  3.07163315]
 [-0.00618985 -0.96464642  0.26347478 -1.14357584]
 [ 0.95057289 -0.0874723  -0.29792579 -0.98664225]
 [ 0.          0.          0.          1.        ]]
-----> embeds num: 5
23.2666599705
[[-0.63186838 -0.50150058  0.59096491  3.31466126]
 [ 0.16083959  0.66102315  0.73292498 -0.09914789]
 [-0.75820378  0.55816267 -0.33701847 -1.22350317]
 [ 0.          0.          0.          1.        ]]
22.9215066009
[[-0.94476308 -0.09368865  0.31407827  3.08925785]
 [-0.01680748  0.97086234  0.23904773 -0.60140806]
 [-0.32732283  0.22056461 -0.91880957 -0.59083145]
 [ 0.          0.          0.          1.        ]]
22.9118653609
[[-0.95778574 -0.19768825  0.20872429  2.90274636]
 [ 0.04255401  0.62055118  0.78301046 -0.09059819]
 [-0.28431607  0.75883831 -0.58594265 -1.01243885]
 [ 0.          0.          0.          1.        ]]
23.2147767815
[[-0.70334176 -0.63216523  0.32508074  3.63925561]
 [-0.31921114  0.6894873   0.65016268  0.171691  ]
 [-0.63514929  0.35351717 -0.68673939 -1.16269793]
 [ 0.          0.          0.          1.        ]]
23.1287728134
[[ 0.40141671  0.80895868 -0.42947699  3.91232881]
 [-0.10327948 -0.42594391 -0.89883543  0.25905257]
 [-0.91005383  0.40516372 -0.08743217 -0.9862312 ]
 [ 0.          0.          0.          1.        ]]
-----> embeds num: 5
32.9541477791
[[-0.56818448 -0.70208586  0.42923403  3.40736688]
 [-0.47058127  0.7051216   0.53043076 -0.97493175]
 [-0.67507012  0.09939303 -0.7310276  -1.12162395]
 [ 0.          0.          0.          1.        ]]
27.6913096996
[[-0.65058681 -0.65257375  0.38843828  3.55123658]
 [-0.42712284  0.73734096  0.52334921 -1.17319753]
 [-0.62793541  0.17457323 -0.75843346 -1.18485955]
 [ 0.          0.          0.          1.        ]]
27.656177172
[[-0.86887755 -0.4724114   0.14791643  3.44412456]
 [-0.44425259  0.87595299  0.1880053  -1.10278013]
 [-0.21838368  0.09764133 -0.97096588 -1.28259888]
 [ 0.          0.          0.          1.        ]]
27.9337330941
[[-0.84791633  0.42213945 -0.32068082  2.89395629]
 [ 0.01969466 -0.57940835 -0.81479942 -1.119736  ]
 [-0.52976412 -0.69719743  0.48297591 -0.8057772 ]
 [ 0.          0.          0.          1.        ]]
27.4931362655
[[-0.98719806 -0.15910938  0.01114459  3.54348837]
 [-0.15516946  0.94188256 -0.29795918 -1.08300514]
 [ 0.0369112  -0.29587403 -0.95451355 -0.14432448]
 [ 0.          0.          0.          1.        ]]
-----> embeds num: 5
13.4136056042
[[ 0.06782919 -0.60606937  0.79251442  3.48999423]
 [ 0.12859808  0.79302863  0.59545624  0.34635135]
 [-0.98937442  0.06152652  0.13172985 -0.96545336]
 [ 0.          0.          0.          1.        ]]
13.2287985465
[[-0.31525098 -0.53567829  0.78336811  3.5683185 ]
 [-0.17627915  0.84414789  0.50630032  0.40503976]
 [-0.93249262  0.02152021 -0.36054736 -0.9793694 ]
 [ 0.          0.          0.          1.        ]]
13.3788597393
[[ 0.07548268  0.81601591 -0.57307976  3.04387348]
 [-0.8765784  -0.21964491 -0.42821305  0.5289657 ]
 [-0.47530271  0.53467201  0.69872253 -1.06075786]
 [ 0.          0.          0.          1.        ]]
18.5719789939
[[-0.40180727  0.88411936 -0.2385034   2.70926882]
 [-0.78846069 -0.46648245 -0.40090381  0.17255177]
 [-0.46570447  0.02696449  0.8845294  -1.05583871]
 [ 0.          0.          0.          1.        ]]
13.407753958
[[-0.53321913 -0.84594169  0.00774685  3.49941629]
 [-0.78892629  0.50054499  0.35644077  0.03933164]
 [-0.30540576  0.18394935 -0.9342858  -0.9121078 ]
 [ 0.          0.          0.          1.        ]]
-----> embeds num: 5
23.4552019319
[[-0.83204831 -0.54276142  0.11447989  3.83213667]
 [-0.50760007  0.82822838  0.23744458 -1.45566813]
 [-0.22369125  0.13945536 -0.96463176 -0.99530199]
 [ 0.          0.          0.          1.        ]]
25.9567866712
[[-0.26739627  0.59667885 -0.75661984  3.93863732]
 [-0.52938555 -0.74706372 -0.40205316 -1.39338639]
 [-0.80513985  0.29303609  0.51563522 -0.26676007]
 [ 0.          0.          0.          1.        ]]
23.4194932991
[[-0.25766134 -0.91512822 -0.31008219  3.47379652]
 [-0.48240984  0.39989631 -0.77933541 -1.1651888 ]
 [ 0.83719256 -0.05121791 -0.54450468 -0.3399426 ]
 [ 0.          0.          0.          1.        ]]
23.6514508876
[[-0.79554184 -0.57420801  0.19338651  2.94412054]
 [ 0.05040209  0.25535044  0.96553394 -1.22826525]
 [-0.60379865  0.77786973 -0.17420067 -0.9308707 ]
 [ 0.          0.          0.          1.        ]]
23.4626582082
[[-0.65908207 -0.67784585  0.32578495  3.75241985]
 [-0.4260726   0.69350023  0.58096434 -0.99956499]
 [-0.6197362   0.24409514 -0.74588511 -1.37125003]
 [ 0.          0.          0.          1.        ]]
-----> embeds num: 5
18.2548463314
[[ 0.33948001 -0.71177955  0.61491722  3.58158505]
 [-0.71870164  0.22545942  0.65775072  0.23434772]
 [-0.60681239 -0.66523524 -0.43501816 -0.94109607]
 [ 0.          0.          0.          1.        ]]
18.1511583162
[[-0.42124389  0.90341084 -0.08001525  3.31304709]
 [-0.85246287 -0.42451207 -0.30511728 -0.3623531 ]
 [-0.3096137  -0.06031876  0.94894731 -0.50148261]
 [ 0.          0.          0.          1.        ]]
18.1483218799
[[-0.14180116 -0.83390249  0.53338454  3.77577234]
 [ 0.38589525  0.44963198  0.80555319  0.51377576]
 [-0.91157956  0.32005894  0.25804067 -0.93759302]
 [ 0.          0.          0.          1.        ]]
18.369270849
[[ 0.03364187  0.8883681  -0.45789774  2.83975066]
 [ 0.31669568 -0.44402261 -0.83818122  0.59081104]
 [-0.94793041 -0.11681625 -0.29628009 -1.18494526]
 [ 0.          0.          0.          1.        ]]
18.1857603928
[[ 0.18859295  0.50710298 -0.84099897  3.44353745]
 [-0.31846947 -0.77850617 -0.54083763  0.1666204 ]
 [-0.92898326  0.36983066  0.01467604 -1.13476516]
 [ 0.          0.          0.          1.        ]]
no hits
(4,) Donor
(0,) Acceptor
(1,) Acceptor
(2,) Acceptor
(3,) Acceptor
(5,) Acceptor
(6,) Acceptor
(0,) Acceptor
(1,) Acceptor
(2,) Acceptor
(3,) Acceptor
(5,) Acceptor
(6,) Acceptor
(5, 8, 7, 10, 6, 18) Aromatic
(7, 10, 14, 15, 13, 11) Aromatic
(12, 16, 20, 21, 19, 17) Aromatic
(5, 8, 7, 10, 6, 18) Aromatic
(7, 10, 14, 15, 13, 11) Aromatic
(12, 16, 20, 21, 19, 17) Aromatic
-----> embeds num: 4
22.0258443834
[[ 0.72206239  0.67556533 -0.14912206  3.78794402]
 [-0.5656793   0.70061392  0.4349104  -0.16784736]
 [ 0.39828738 -0.22967718  0.88804029  0.55875337]
 [ 0.          0.          0.          1.        ]]
14.9307542997
[[-0.74627416 -0.37862982  0.54746172  2.91603462]
 [ 0.65337187 -0.25950513  0.71116966 -0.76183935]
 [-0.12720092  0.88842363  0.44104804  0.34528422]
 [ 0.          0.          0.          1.        ]]
16.789559814
[[-0.45672075 -0.25569844 -0.85207069  2.90031411]
 [ 0.80269434  0.29447039 -0.51862221 -0.64020331]
 [ 0.38352048 -0.92081784  0.07075695 -1.64998965]
 [ 0.          0.          0.          1.        ]]
16.8011088913
[[-0.44408753  0.39150027 -0.80592419  2.83382383]
 [ 0.87685537  0.37477062 -0.30111733 -0.60561028]
